# The following reference data is taken using C# roadrunner version 2.0.1
# Input model for the data below is TestModel_1.xml. This model file can be found in roadrunners reference_data folder.


[STEADY_STATE_CONCENTRATIONS]
S1 = 0.569694868238558
S2 = 0.208044382801664
S3 = 0.13002773925104
J1 = 0.0715152565880721
J2 = 0.0715152565880721
J3 = 0.0715152565880721
J4 = 0.0715152565880721

[FULL_JACOBIAN]
-0.2    0.067        0 
0.15   -0.467     0.09 
  0      0.4    -0.64

[REDUCED_REORDERED_JACOBIAN]
-0.2    0       0.067
0      -0.64    0.4
0.15    0.09    -0.467


[FULL_REORDERED_JACOBIAN]
-0.2    0       0.067
0      -0.64    0.4
0.15    0.09    -0.467

         
[EIGEN_VALUES]   
eigen_S1 = -0.157263450928358,0
eigen_S2 = -0.382371338369919,0
eigen_S3 = -0.157263450928358,0

[STOICHIOMETRY_MATRIX]
1 -1 0 0 
0 0 1 -1 
0 1 -1 0

[REORDERED_STOICHIOMETRY_MATRIX]
1 -1 0 0 
0 0 1 -1 
0 1 -1 0

[FULLY_REORDERED_STOICHIOMETRY_MATRIX]
1 -1 0 0 
0 0 1 -1 
0 1 -1 0

[LINK_MATRIX]
1 0 0 
0 1 0 
0 0 1

[NR_MATRIX]
1 -1 0 0 
0 0 1 -1 
0 1 -1 0

[LO_MATRIX]


[UNSCALED_ELASTICITY_MATRIX]
-0.0499999999999996 0 0 
0.15 0 -0.0670000000000002 
0 -0.0899999999999976 0.4 
0 0.55 0


[SCALED_ELASTICITY_MATRIX]
-0.398303030303028 0 0 
1.19490909090909 0 -0.194909090909091 
0 -0.163636363636359 1.16363636363636 
0 1 0

[UNSCALED_CONCENTRATION_CONTROL_COEFFICIENT_MATRIX]
5.6969486823856 -4.76768377253816 -0.798587031900144 -0.130677877947294 
1.3002773925104 0.433425797503465 0.0725988210818309 -1.8063020110957 
2.08044382801664 0.693481276005544 -2.38384188626907 -0.390083217753115

[UNSCALED_FLUX_CONTROL_COEFFICIENT_MATRIX]
0.715152565880722 0.238384188626906 0.0399293515950069 0.00653389389736467 
0.715152565880722 0.238384188626906 0.0399293515950069 0.00653389389736467 
0.715152565880722 0.238384188626906 0.039929351595007 0.00653389389736467 
0.715152565880722 0.238384188626906 0.0399293515950071 0.0065338938973647

[SCALED_FLUX_CONTROL_COEFFICIENT_MATRIX]
0.715152565880722 0.238384188626906 0.0399293515950069 0.00653389389736468 
0.715152565880722 0.238384188626906 0.0399293515950069 0.00653389389736467 
0.715152565880722 0.238384188626906 0.039929351595007 0.00653389389736467 
0.715152565880722 0.238384188626906 0.0399293515950071 0.0065338938973647

